2111
2173
2231
2285
2333
2373
2405
2428
2441
2445
2437
2420
2394
2359
2316
2268
2213
2154
2094
2033
1972
1914
1860
1811
1769
1734
1707
1690
1681
1682
1692
1711
1739
1774
1815
1861
1912
1966
2020
2075
2128
2177
2223
2264
2297
2325
2345
2356
2360
2355
2344
2324
2299
2267
2230
2190
2148
2104
2060
2016
1975
1937
1903
1873
1850
1831
1820
1814
1815
1821
1833
1851
1872
1898
1926
1955
1987
2017
2048
2076
2103
2127
2147
2163
2176
2184
2188
2188
2184
2177
2167
2155
2139
2123
2107
2090
2074
2059
2045
2033
2023
2015
2009
2006
2005
2006
2009
2014
2019
2025
2031
2037
2043
2047
2051
2052
2052
2050
2046
2040
2034
2026
2017
2007
1998
1989
1980
1973
1968
1965
1965
1967
1972
1980
1993
2006
2023
2043
2063
2085
2109
2132
2153
2173
2191
2207
2219
2227
2230
2228
2222
2210
2194
2172
2146
2117
2084
2048
2013
1976
1939
1904
1871
1842
1818
1799
1785
1779
1779
1786
1800
1822
1849
1883
1921
1964
2010
2058
2108
2157
2204
2247
2288
2322
2349
2370
2383
2387
2382
2370
2348
2318
2281
2237
2188
2134
2079
2021
1963
1907
1854
1804
1761
1725
1696
1677
1666
1666
1675
1693
1722
1758
1802
1853
1909
1968
2030
2093
2155
2214
2270
2320
2363
2398
2424
2441
2448
2444
2431
2408
2376
2335
2287
2233
2175
2114
2050
1987
1926
1868
1815
1769
1730
1698
1676
1664
1661
1668
1684
1711
1745
1786
1834
1886
1943
2002
2060
2118
2174
2226
2272
2312
2345
2371
2386
2395
2393
2383
2365
2339
2306
2267
2223
2175
2126
2076
2025
1977
1931
1889
1852
1821
1797
1780
1769
1767
1771
1783
1800
1825
1853
1885
1922
1959
1998
2037
2075
2110
2143
2171
2196
2216
2231
2239
2244
2242
2236
2224
2210
2191
2170
2147
2122
2098
2072
2049
2027
2007
1990
1976
1964
1956
1951
1950
1951
1956
1963
1971
1981
1992
2003
2014
2025
2035
2042
2050
2054
2057
2059
2058
2055
2052
2047
2042
2037
2031
2026
2022
2019
2018
2018
2021
2026
2033
2043
2053
2066
2080
2093
2108
2123
2137
2149
2160
2168
2172
2174
2172
2167
2157
2143
2126
2106
2082
2057
2029
2000
1971
1943
1916
1890
1869
1850
1837
1830
1827
1829
1839
1854
1874
1900
1931
1966
2005
2046
2088
2130
2172
2212
2248
2280
2308
2328
2342
2350
2349
2340
2323
2300
2270
2232
2189
2141
2091
2038
1985
1932
1881
1834
1792
1755
1725
1704
1691
1687
1692
1706
1730
1761
1801
1847
1898
1954
2014
2074
2134
2193
2249
2299
2344
2381
2410
2430
2441
2441
2431
2412
2383
2346
2300
2249
2192
2132
2069
2005
1942
1883
1828
1777
1734
1699
1673
1656
1650
1654
1667
1691
1722
1763
1810
1863
1921
1981
2044
2105
2164
2221
2272
2318
2356
2386
2407
2419
2421
2414
2398
2372
2339
2300
2253
2204
2150
2094
2038
1984
1931
1883
1840
1802
1771
1749
1734
1727
1729
1738
1755
1780
1811
1847
1887
1930
1975
2021
2067
2111
2152
2189
2221
2248
2269
2285
2293
2295
2290
2280
2263
2241
2217
2188
2157
2125
2091
2059
2027
1998
1971
1947
1928
1912
1902
1896
1894
1896
1902
1911
1924
1940
1956
1975
1993
2012
2030
2047
2062
2074
2086
2094
2099
2103
2104
2102
2099
2094
2088
2081
2075
2067
2061
2056
2052
2049
2048
2048
2051
2054
2060
2067
2074
2082
2090
2099
2105
2112
2116
2117
2117
2114
2108
2100
2089
2075
2058
2040
2021
2000
1979
1959
1940
1922
1907
1895
1885
1881
1880
1884
1893
1907
1926
1948
1974
2004
2037
2071
2106
2141
2174
2206
2235
2260
2281
2296
2304
2306
2302
2291
2273
2249
2218
2182
2142
2099
2053
2005
1957
1912
1868
1827
1792
1763
1740
1725
1718
1720
1729
1748
1774
1808
1848
1894
1946
2000
2057
2113
2169
2223
2273
2317
2356
2387
2409
2423
2427
2421
2406
2381
2348
2306
2259
2205
2147
2086
2023
1962
1901
1844
1793
1747
1710
1680
1660
1650
1650
1660
1680
1709
1747
1793
1845
1901
1963
2025
2088
2151
2210
2265
2314
2357
2391
2417
2433
2439
2435
2422
2398
2367
2327
2281
2229
2173
2115
2054
1996
1938
1884
1834
1791
1755
1727
1707
1696
1694
1701
1717
1741
1772
1810
1854
1901
1951
2003
2055
2106
2154
2199
2238
2273
2301
2321
2335
2340
2338
2328
2312
2290
2262
2229
2193
2154
2114
2073
2032
1994
1959
1927
1899
1876
1859
1847
1840
1839
1844
1854
1868
1887
1909
1932
1959
1985
2012
2038
2063
2086
2107
2124
2139
2149
2156
2160
2160
2157
2150
2142
2131
2120
2108
2095
2082
2070
2059
2049
2041
2036
2031
2029
2029
2031
2033
2037
2043
2048
2053
2059
2063
2065
2067
2067
2065
2060
2055
2047
2037
2026
2014
2001
1988
1976
1965
1954
1946
1939
1936
1936
1940
1947
1957
1972
1989
2010
2033
2058
2084
2111
2137
2164
2187
2209
2228
2242
2252
2257
2256
2249
2237
2220
2197
2169
2137
2102
2064
2023
1982
1942
1903
1867
1834
1806
1784
1768
1758
1756
1761
1775
1795
1823
1858
1897
1942
1990
2041
2093
2145
2195
2242
2286
2324
2355
2379
2395
2402
2400
2389
2369
2341
2305
2262
2212
2158
2100
2042
1981
1923
1867
1815
1769
1729
1698
1674
1661
1657
1663
1679
1705
1739
1782
1831
1886
1945
2008
2071
2133
2195
2251
2303
2349
2387
2416
2436
2446
2446
2436
2416
2386
2349
2303
2252
2195
2134
2073
2010
1949
1891
1837
1790
1748
1715
1690
1675
1669
1673
1687
1709
1740
1779
1823
1873
1927
1983
2039
2096
2150
2202
2248
2288
2322
2348
2367
2376
2378
2371
2356
2333
2304
2269
2228
2184
2139
2091
2043
1997
1954
1914
1878
1847
1823
1805
1794
1790
1792
1800
1815
1836
1861
1890
1922
1955
1990
2025
2059
2092
2122
2148
2170
2189
2203
2212
2216
2215
2211
2201
2189
2174
2156
2137
2117
2096
2075
2056
2038
2021
2007
1996
1988
1982
1979
1979
1980
1984
1991
1997
2006
2014
2022
2029
2036
2042
2045
2048
2048
2047
2044
2040
2035
2029
2021
2015
2008
2002
1997
1994
1992
1993
1997
2002
2010
2022
2034
2049
2066
2084
2103
2121
2140
2156
2172
2185
2194
2200
2202
2200
2194
2184
2168
2149
2125
2098
2069
2037
2005
1971
1939
1908
1879
1855
1833
1816
1806
1801
1803
1811
1827
1848
1875
1907
1944
1985
2029
2075
2121
2166
2209
2249
2285
2316
2341
2358
2367
2369
2362
2347
2325
2294
2256
2213
2165
2112
2058
2002
1946
1892
1843
1796
1757
1724
1698
1682
1675
1677
1689
1710
1740
1778
1824
1875
1932
1991
2052
2115
2175
2233
2286
2333
2374
2405
2429
2442
2446
2440
2423
2397
2362
2319
2268
2213
2154
2091
2027
1964
1904
1847
1796
1750
1713
1684
1665
1655
1655
1666
1686
1715
1752
1797
1847
1903
1962
2022
2082
2142
2198
2249
2295
2335
2366
2390
2404
2409
2405
2392
2371
2341
2304
2262
2215
2164
2111
2058
2005
1955
1907
1864
1826
1796
1773
1756
1747
1746
1754
1768
1788
1816
1848
1884
1924
1966
2008
2050
2091
2130
2165
2196
2222
2242
2257
2267
2269
2266
2259
2246
2227
2206
2180
2153
2125
2096
2067
2039
2014
1990
1970
1953
1939
1929
1924
1922
1924
1928
1936
1947
1959
1973
1988
2003
2016
2030
2043
2053
2063
2070
2075
2078
2078
2077
2074
2070
2065
2059
2054
2049
2044
2041
2038
2037
2039
2042
2046
2054
2061
2071
2082
2093
2104
2115
2125
2133
2140
2145
2146
2145
2140
2132
2120
2106
2089
2069
2047
2024
1998
1974
1949
1926
1905
1886
1872
1860
1854
1852
1857
1865
1880
1900
1925
1953
1986
2021
2059
2098
2137
2174
2211
2243
2271
2296
2313
2325
2329
2327
2316
2299
2275
2244
2207
2165
2119
2071
2020
1970
1921
1873
1829
1790
1757
1731
1713
1703
1701
1710
1725
1751
1784
1824
1870
1922
1978
2036
2094
2153
2210
2262
2310
2351
2385
2412
2428
2435
2432
2420
2398
2366
2327
2281
2228
2170
2109
2046
1982
1921
1863
1809
1761
1720
1688
1665
1652
1648
1655
1672
1698
1733
1776
1826
1882
1941
2003
2066
2128
2187
2243
2294
2338
2374
2403
2421
2430
2430
2419
2400
2371
2335
2292
2242
2189
2133
2075
2017
1962
1908
1859
1815
1778
1748
1726
1714
1709
1713
1726
1747
1774
1808
1849
1892
1939
1988
2038
2086
2132
2175
2213
2247
2274
2296
2310
2317
2317
2311
2297
2278
2254
2225
2192
2157
2120
2083
2048
2012
1979
1950
1924
1902
1886
1874
1868
1866
1869
1877
1889
1905
1923
1943
1964
1987
2011
2033
2053
2073
2090
2103
2116
2124
2129
2131
2131
2128
2123
2116
2107
2098
2089
2079
2070
2062
2056
2050
2046
2044
2044
2045
2049
2053
2059
2065
2071
2077
2082
2087
2090
2091
2090
2087
2081
2073
2063
2051
2037
2022
2006
1989
1973
1957
1941
1929
1919
1912
1908
1908
1912
1920
1933
1949
1969
1993
2020
2048
2079
2109
2141
2170
2198
2224
2245
2263
2275
2281
2282
2276
2265
2246
2223
2193
2159
2121
2080
2036
1992
1948
1906
1866
1829
1797
1772
1752
1741
1736
1740
1751
1771
1799
1832
1873
1919
1968
2021
2076
2130
2184
2235
2281
2322
2357
2385
2404
2414
2415
2406
2389
2362
2327
2285
2236
2182
2124
2063
2002
1942
1883
1828
1780
1737
1702
1676
1659
1651
1655
1668
1691
1723
1763
1811
1865
1923
1985
2048
2111
2173
2231
2285
2333
2373
2405
2428
2441
2445
2437
2420
2394
2359
2316
2268
2213
2154
2094
2033
1972
1914
1860
1811
1769
1734
1707
1690
1681
1682
1692
1711
1739
1774
1815
1861
1912
1966
2020
2075
2128
2177
2223
2264
2297
2325
2345
2356
2360
2355
2344
2324
2299
2267
2230
2190
2148
2104
2060
2016
1975
1937
1903
1873
1850
1831
1820
1814
1815
1821
1833
1851
1872
1898
1926
1955
1987
2017
2048
2076
2103
2127
2147
2163
2176
2184
2188
2188
2184
2177
2167
2155
2139
2123
2107
2090
2074
2059
2045
2033
2023
2015
2009
2006
2005
2006
2009
2014
2019
2025
2031
2037
2043
2047
2051
2052
2052
2050
2046
2040
2034
2026
2017
2007
1998
1989
1980
1973
1968
1965
1965
1967
1972
1980
1993
2006
2023
2043
2063
2085
2109
2132
2153
2173
2191
2207
2219
2227
2230
2228
2222
2210
2194
2172
2146
2117
2084
2048
2013
1976
1939
1904
1871
1842
1818
1799
1785
1779
1779
1786
1800
1822
1849
1883
1921
1964
2010
2058
2108
2157
2204
2247
2288
2322
2349
2370
2383
2387
2382
2370
2348
2318
2281
2237
2188
2134
2079
2021
1963
1907
1854
1804
1761
1725
1696
1677
1666
1666
1675
1693
1722
1758
1802
1853
1909
1968
2030
2093
2155
2214
2270
2320
2363
2398
2424
2441
2448
2444
2431
2408
2376
2335
2287
2233
2175
2114
2050
1987
1926
1868
1815
1769
1730
1698
1676
1664
1661
1668
1684
1711
1745
1786
1834
1886
1943
2002
2060
2118
2174
2226
2272
2312
2345
2371
2386
2395
2393
2383
2365
2339
2306
2267
2223
2175
2126
2076
2025
1977
1931
1889
1852
1821
1797
1780
1769
1767
1771
1783
1800
1825
1853
1885
1922
1959
1998
2037
2075
2110
2143
2171
2196
2216
2231
2239
2244
2242
2236
2224
2210
2191
2170
2147
2122
2098
2072
2049
2027
2007
1990
1976
1964
1956
1951
1950
1951
1956
1963
1971
1981
1992
2003
2014
2025
2035
2042
2050
2054
2057
2059
2058
2055
2052
2047
2042
2037
2031
2026
2022
2019
2018
2018
2021
2026
2033
2043
2053
2066
2080
2093
2108
2123
2137
2149
2160
2168
2172
2174
2172
2167
2157
2143
2126
2106
2082
2057
2029
2000
1971
1943
1916
1890
1869
1850
1837
1830
1827
1829
1839
1854
1874
1900
1931
1966
2005
2046
2088
2130
2172
2212
2248
2280
2308
2328
2342
2350
2349
2340
2323
2300
2270
2232
2189
2141
2091
2038
1985
1932
1881
1834
1792
1755
1725
1704
1691
1687
1692
1706
1730
1761
1801
1847
1898
1954
2014
2074
2134
2193
2249
2299
2344
2381
2410
2430
2441
2441
2431
2412
2383
2346
2300
2249
2192
2132
2069
2005
1942
1883
1828
1777
1734
1699
1673
1656
1650
1654
1667
1691
1722
1763
1810
1863
1921
1981
2044
2105
2164
2221
2272
2318
2356
2386
2407
2419
2421
2414
2398
2372
2339
2300
2253
2204
2150
2094
2038
1984
1931
1883
1840
1802
1771
1749
1734
1727
1729
1738
1755
1780
1811
1847
1887
1930
1975
2021
2067
2111
2152
2189
2221
2248
2269
2285
2293
2295
2290
2280
2263
2241
2217
2188
2157
2125
2091
2059
2027
1998
1971
1947
1928
1912
1902
1896
1894
1896
1902
1911
1924
1940
1956
1975
1993
2012
2030
2047
2062
2074
2086
2094
2099
2103
2104
2102
2099
2094
2088
2081
2075
2067
2061
2056
2052
2049
2048
2048
2051
2054
2060
2067
2074
2082
2090
2099
2105
2112
2116
2117
2117
2114
2108
2100
2089
2075
2058
2040
2021
2000
1979
1959
1940
1922
1907
1895
1885
1881
1880
1884
1893
1907
1926
1948
1974
2004
2037
2071
2106
2141
2174
2206
2235
2260
2281
2296
2304
2306
2302
2291
2273
2249
2218
2182
2142
2099
2053
2005
1957
1912
1868
1827
1792
1763
1740
1725
1718
1720
1729
1748
1774
1808
1848
1894
1946
2000
2057
2113
2169
2223
2273
2317
2356
2387
2409
2423
2427
2421
2406
2381
2348
2306
2259
2205
2147
2086
2023
1962
1901
1844
1793
1747
1710
1680
1660
1650
1650
1660
1680
1709
1747
1793
1845
1901
1963
2025
2088
2151
2210
2265
2314
2357
2391
2417
2433
2439
2435
2422
2398
2367
2327
2281
2229
2173
2115
2054
1996
1938
1884
1834
1791
1755
1727
1707
1696
1694
1701
1717
1741
1772
1810
1854
1901
1951
2003
2055
2106
2154
2199
2238
2273
2301
2321
2335
2340
2338
2328
2312
2290
2262
2229
2193
2154
2114
2073
2032
1994
1959
1927
1899
1876
1859
1847
1840
1839
1844
1854
1868
1887
1909
1932
1959
1985
2012
2038
2063
2086
2107
2124
2139
2149
2156
2160
2160
2157
2150
2142
2131
2120
2108
2095
2082
2070
2059
2049
2041
2036
2031
2029
2029
2031
2033
2037
2043
2048
2053
2059
2063
2065
2067
2067
2065
2060
2055
2047
2037
2026
2014
2001
1988
1976
1965
1954
1946
1939
1936
1936
1940
1947
1957
1972
1989
2010
2033
2058
2084
2111
2137
2164
2187
2209
2228
2242
2252
2257
2256
2249
2237
2220
2197
2169
2137
2102
2064
2023
1982
1942
1903
1867
1834
1806
1784
1768
1758
1756
1761
1775
1795
1823
1858
1897
1942
1990
2041
2093
2145
2195
2242
2286
2324
2355
2379
2395
2402
2400
2389
2369
2341
2305
2262
2212
2158
2100
2042
1981
1923
1867
1815
1769
1729
1698
1674
1661
1657
1663
1679
1705
1739
1782
1831
1886
1945
2008
2071
2133
2195
2251
2303
2349
2387
2416
2436
2446
2446
2436
2416
2386
2349
2303
2252
2195
2134
2073
2010
1949
1891
1837
1790
1748
1715
1690
1675
1669
1673
1687
1709
1740
1779
1823
1873
1927
1983
2039
2096
2150
2202
2248
2288
2322
2348
2367
2376
2378
2371
2356
2333
2304
2269
2228
2184
2139
2091
2043
1997
1954
1914
1878
1847
1823
1805
1794
1790
1792
1800
1815
1836
1861
1890
1922
1955
1990
2025
2059
2092
2122
2148
2170
2189
2203
2212
2216
2215
2211
2201
2189
2174
2156
2137
2117
2096
2075
2056
2038
2021
2007
1996
1988
1982
1979
1979
1980
1984
1991
1997
2006
2014
2022
2029
2036
2042
2045
2048
2048
2047
2044
2040
2035
2029
2021
2015
2008
2002
1997
1994
1992
1993
1997
2002
2010
2022
2034
2049
2066
2084
2103
2121
2140
2156
2172
2185
2194
2200
2202
2200
2194
2184
2168
2149
2125
2098
2069
2037
2005
1971
1939
1908
1879
1855
1833
1816
1806
1801
1803
1811
1827
1848
1875
1907
1944
1985
2029
2075
2121
2166
2209
2249
2285
2316
2341
2358
2367
2369
2362
2347
2325
2294
2256
2213
2165
2112
2058
2002
1946
1892
1843
1796
1757
1724
1698
1682
1675
1677
1689
1710
1740
1778
1824
1875
1932
1991
2052
2115
2175
2233
2286
2333
2374
2405
2429
2442
2446
2440
2423
2397
2362
2319
2268
2213
2154
2091
2027
1964
1904
1847
1796
1750
1713
1684
1665
1655
1655
1666
1686
1715
1752
1797
1847
1903
1962
2022
2082
2142
2198
2249
2295
2335
2366
2390
2404
2409
2405
2392
2371
2341
2304
2262
2215
2164
2111
2058
2005
1955
1907
1864
1826
1796
1773
1756
1747
1746
1754
1768
1788
1816
1848
1884
1924
1966
2008
2050
2091
2130
2165
2196
2222
2242
2257
2267
2269
2266
2259
2246
2227
2206
2180
2153
2125
2096
2067
2039
2014
1990
1970
1953
1939
1929
1924
1922
1924
1928
1936
1947
1959
1973
1988
2003
2016
2030
2043
2053
2063
2070
2075
2078
2078
2077
2074
2070
2065
2059
2054
2049
2044
2041
2038
2037
2039
2042
2046
2054
2061
2071
2082
2093
2104
2115
2125
2133
2140
2145
2146
2145
2140
2132
2120
2106
2089
2069
2047
2024
1998
1974
1949
1926
1905
1886
1872
1860
1854
1852
1857
1865
1880
1900
1925
1953
1986
2021
2059
2098
2137
2174
2211
2243
2271
2296
2313
2325
2329
2327
2316
2299
2275
2244
2207
2165
2119
2071
2020
1970
1921
1873
1829
1790
1757
1731
1713
1703
1701
1710
1725
1751
1784
1824
1870
1922
1978
2036
2094
2153
2210
2262
2310
2351
2385
2412
2428
2435
2432
2420
2398
2366
2327
2281
2228
2170
2109
2046
1982
1921
1863
1809
1761
1720
1688
1665
1652
1648
1655
1672
1698
1733
1776
1826
1882
1941
2003
2066
2128
2187
2243
2294
2338
2374
2403
2421
2430
2430
2419
2400
2371
2335
2292
2242
2189
2133
2075
2017
1962
1908
1859
1815
1778
1748
1726
1714
1709
1713
1726
1747
1774
1808
1849
1892
1939
1988
2038
2086
2132
2175
2213
2247
2274
2296
2310
2317
2317
2311
2297
2278
2254
2225
2192
2157
2120
2083
2048
2012
1979
1950
1924
1902
1886
1874
1868
1866
1869
1877
1889
1905
1923
1943
1964
1987
2011
2033
2053
2073
2090
2103
2116
2124
2129
2131
2131
2128
2123
2116
2107
2098
2089
2079
2070
2062
2056
2050
2046
2044
2044
2045
2049
2053
2059
2065
2071
2077
2082
2087
2090
2091
2090
2087
2081
2073
2063
2051
2037
2022
2006
1989
1973
1957
1941
1929
1919
1912
1908
1908
1912
1920
1933
1949
1969
1993
2020
2048
2079
2109
2141
2170
2198
2224
2245
2263
2275
2281
2282
2276
2265
2246
2223
2193
2159
2121
2080
2036
1992
1948
1906
1866
1829
1797
1772
1752
1741
1736
1740
1751
1771
1799
1832
1873
1919
1968
2021
2076
2130
2184
2235
2281
2322
2357
2385
2404
2414
2415
2406
2389
2362
2327
2285
2236
2182
2124
2063
2002
1942
1883
1828
1780
1737
1702
1676
1659
1651
1655
1668
1691
1723
1763
1811
1865
1923
1985
2048
2111
2173
2231
2285
2333
2373
2405
2428
2441
2445
2437
2420
2394
2359
2316
2268
2213
2154
2094
2033
1972
1914
1860
1811
1769
1734
1707
1690
1681
1682
1692
1711
1739
1774
1815
1861
1912
1966
2020
2075
2128
2177
2223
2264
2297
2325
2345
2356
2360
2355
2344
2324
2299
2267
2230
2190
2148
2104
2060
2016
1975
1937
1903
1873
1850
1831
1820
1814
1815
1821
1833
1851
1872
1898
1926
1955
1987
2017
2048
2076
2103
2127
2147
2163
2176
2184
2188
2188
2184
2177
2167
2155
2139
2123
2107
2090
2074
2059
2045
2033
2023
2015
2009
2006
2005
2006
2009
2014
2019
2025
2031
2037
2043
2047
2051
2052
2052
2050
2046
2040
2034
2026
2017
2007
1998
1989
1980
1973
1968
1965
1965
1967
1972
1980
1993
2006
2023
2043
2063
2085
2109
2132
2153
2173
2191
2207
2219
2227
2230
2228
2222
2210
2194
2172
2146
2117
2084
2048
2013
1976
1939
1904
1871
1842
1818
1799
1785
1779
1779
1786
1800
1822
1849
1883
1921
1964
2010
2058
2108
2157
2204
2247
2288
2322
2349
2370
2383
2387
2382
2370
2348
2318
2281
2237
2188
2134
2079
2021
1963
1907
1854
1804
1761
1725
1696
1677
1666
1666
1675
1693
1722
1758
1802
1853
1909
1968
2030
2093
2155
2214
2270
2320
2363
2398
2424
2441
2448
2444
2431
2408
2376
2335
2287
2233
2175
2114
2050
1987
1926
1868
1815
1769
1730
1698
1676
1664
1661
1668
1684
1711
1745
1786
1834
1886
1943
2002
2060
2118
2174
2226
2272
2312
2345
2371
2386
2395
2393
2383
2365
2339
2306
2267
2223
2175
2126
2076
2025
1977
1931
1889
1852
1821
1797
1780
1769
1767
1771
1783
1800
1825
1853
1885
1922
1959
1998
2037
2075
2110
2143
2171
2196
2216
2231
2239
2244
2242
2236
2224
2210
2191
2170
2147
2122
2098
2072
2049
2027
2007
1990
1976
1964
1956
1951
1950
1951
1956
1963
1971
1981
1992
2003
2014
2025
2035
2042
2050
2054
2057
2059
2058
2055
2052
2047
2042
2037
2031
2026
2022
2019
2018
2018
2021
2026
2033
2043
2053
2066
2080
2093
2108
2123
2137
2149
2160
2168
2172
2174
2172
2167
2157
2143
2126
2106
2082
2057
2029
2000
1971
1943
1916
1890
1869
1850
1837
1830
1827
1829
1839
1854
1874
1900
1931
1966
2005
2046
2088
2130
2172
2212
2248
2280
2308
2328
2342
2350
2349
2340
2323
2300
2270
2232
2189
2141
2091
2038
1985
1932
1881
1834
1792
1755
1725
1704
1691
1687
1692
1706
1730
1761
1801
1847
1898
1954
2014
2074
2134
2193
2249
2299
2344
2381
2410
2430
2441
2441
2431
2412
2383
2346
2300
2249
2192
2132
2069
2005
1942
1883
1828
1777
1734
1699
1673
1656
1650
1654
1667
1691
1722
1763
1810
1863
1921
1981
2044
2105
2164
2221
2272
2318
2356
2386
2407
2419
2421
2414
2398
2372
2339
2300
2253
2204
2150
2094
2038
1984
1931
1883
1840
1802
1771
1749
1734
1727
1729
1738
1755
1780
1811
1847
1887
1930
1975
2021
2067
2111
2152
2189
2221
2248
2269
2285
2293
2295
2290
2280
2263
2241
2217
2188
2157
2125
2091
2059
2027
1998
1971
1947
1928
1912
1902
1896
1894
1896
1902
1911
1924
1940
1956
1975
1993
2012
2030
2047
2062
2074
2086
2094
2099
2103
2104
2102
2099
2094
2088
2081
2075
2067
2061
2056
2052
2049
2048
2048
2051
2054
2060
2067
2074
2082
2090
2099
2105
2112
2116
2117
2117
2114
2108
2100
2089
2075
2058
2040
2021
2000
1979
1959
1940
1922
1907
1895
1885
1881
1880
1884
1893
1907
1926
1948
1974
2004
2037
2071
2106
2141
2174
2206
2235
2260
2281
2296
2304
2306
2302
2291
2273
2249
2218
2182
2142
2099
2053
2005
1957
1912
1868
1827
1792
1763
1740
1725
1718
1720
1729
1748
1774
1808
1848
1894
1946
2000
2057
2113
2169
2223
2273
2317
2356
2387
2409
2423
2427
2421
2406
2381
2348
2306
2259
2205
2147
2086
2023
1962
1901
1844
1793
1747
1710
1680
1660
1650
1650
1660
1680
1709
1747
1793
1845
1901
1963
2025
2088
2151
2210
2265
2314
2357
2391
2417
2433
2439
2435
2422
2398
2367
2327
2281
2229
2173
2115
2054
1996
1938
1884
1834
1791
1755
1727
1707
1696
1694
1701
1717
1741
1772
1810
1854
1901
1951
2003
2055
2106
2154
2199
2238
2273
2301
2321
2335
2340
2338
2328
2312
2290
2262
2229
2193
2154
2114
2073
2032
1994
1959
1927
1899
1876
1859
1847
1840
1839
1844
1854
1868
1887
1909
1932
1959
1985
2012
2038
2063
2086
2107
2124
2139
2149
2156
2160
2160
2157
2150
2142
2131
2120
2108
2095
2082
2070
2059
2049
2041
2036
2031
2029
2029
2031
2033
2037
2043
2048
2053
2059
2063
2065
2067
2067
2065
2060
2055
2047
2037
2026
2014
2001
1988
1976
1965
1954
1946
1939
1936
1936
1940
1947
1957
1972
1989
2010
2033
2058
2084
2111
2137
2164
2187
2209
2228
2242
2252
2257
2256
2249
2237
2220
2197
2169
2137
2102
2064
2023
1982
1942
1903
1867
1834
1806
1784
1768
1758
1756
1761
1775
1795
1823
1858
1897
1942
1990
2041
2093
2145
2195
2242
2286
2324
2355
2379
2395
2402
2400
2389
2369
2341
2305
2262
2212
2158
2100
2042
1981
1923
1867
1815
1769
1729
1698
1674
1661
1657
1663
1679
1705
1739
1782
1831
1886
1945
2008
2071
2133
2195
2251
2303
2349
2387
2416
2436
2446
2446
2436
2416
2386
2349
2303
2252
2195
2134
2073
2010
1949
1891
1837
1790
1748
1715
1690
1675
1669
1673
1687
1709
1740
1779
1823
1873
1927
1983
2039
2096
2150
2202
2248
2288
2322
2348
2367
2376
2378
2371
2356
2333
2304
2269
2228
2184
2139
2091
2043
1997
1954
1914
1878
1847
1823
1805
1794
1790
1792
1800
1815
1836
1861
1890
1922
1955
1990
2025
2059
2092
2122
2148
2170
2189
2203
2212
2216
2215
2211
2201
2189
2174
2156
2137
2117
2096
2075
2056
2038
2021
2007
1996
1988
1982
1979
1979
1980
1984
1991
1997
2006
2014
2022
2029
2036
2042
2045
2048
2048
2047
2044
2040
2035
2029
2021
2015
2008
2002
1997
1994
1992
1993
1997
2002
2010
2022
2034
2049
2066
2084
2103
2121
2140
2156
2172
2185
2194
2200
2202
2200
2194
2184
2168
2149
2125
2098
2069
2037
2005
1971
1939
1908
1879
1855
1833
1816
1806
1801
1803
1811
1827
1848
1875
1907
1944
1985
2029
2075
2121
2166
2209
2249
2285
2316
2341
2358
2367
2369
2362
2347
2325
2294
2256
2213
2165
2112
2058
2002
1946
1892
1843
1796
1757
1724
1698
1682
1675
1677
1689
1710
1740
1778
1824
1875
1932
1991
2052
2115
2175
2233
2286
2333
2374
2405
2429
2442
2446
2440
2423
2397
2362
2319
2268
2213
2154
2091
2027
1964
1904
1847
1796
1750
1713
1684
1665
1655
1655
1666
1686
1715
1752
1797
1847
1903
1962
2022
2082
2142
2198
2249
2295
2335
2366
2390
2404
2409
2405
2392
2371
2341
2304
2262
2215
2164
2111
2058
2005
1955
1907
1864
1826
1796
1773
1756
1747
1746
1754
1768
1788
1816
1848
1884
1924
1966
2008
2050
2091
2130
2165
2196
2222
2242
2257
2267
2269
2266
2259
2246
2227
2206
2180
2153
2125
2096
2067
2039
2014
1990
1970
1953
1939
1929
1924
1922
1924
1928
1936
1947
1959
1973
1988
2003
2016
2030
2043
2053
2063
2070
2075
2078
2078
2077
2074
2070
2065
2059
2054
2049
2044
2041
2038
2037
2039
2042
2046
2054
2061
2071
2082
2093
2104
2115
2125
2133
2140
2145
2146
2145
2140
2132
2120
2106
2089
2069
2047
2024
1998
1974
1949
1926
1905
1886
1872
1860
1854
1852
1857
1865
1880
1900
1925
1953
1986
2021
2059
2098
2137
2174
2211
2243
2271
2296
2313
2325
2329
2327
2316
2299
2275
2244
2207
2165
2119
2071
2020
1970
1921
1873
1829
1790
1757
1731
1713
1703
1701
1710
1725
1751
1784
1824
1870
1922
1978
2036
2094
2153
2210
2262
2310
2351
2385
2412
2428
2435
2432
2420
2398
2366
2327
2281
2228
2170
2109
2046
1982
1921
1863
1809
1761
1720
1688
1665
1652
1648
1655
1672
1698
1733
1776
1826
1882
1941
2003
2066
2128
2187
2243
2294
2338
2374
2403
2421
2430
2430
2419
2400
2371
2335
2292
2242
2189
2133
2075
2017
1962
1908
1859
1815
1778
1748
1726
1714
1709
1713
1726
1747
1774
1808
1849
1892
1939
1988
2038
2086
2132
2175
2213
2247
2274
2296
2310
2317
2317
2311
2297
2278
2254
2225
2192
2157
2120
2083
2048
2012
1979
1950
1924
1902
1886
1874
1868
1866
1869
1877
1889
1905
1923
1943
1964
1987
2011
2033
2053
2073
2090
2103
2116
2124
2129
2131
2131
2128
2123
2116
2107
2098
2089
2079
2070
2062
2056
2050
2046
2044
2044
2045
2049
2053
2059
2065
2071
2077
2082
2087
2090
2091
2090
2087
2081
2073
2063
2051
2037
2022
2006
1989
1973
1957
1941
1929
1919
1912
1908
1908
1912
1920
1933
1949
1969
1993
2020
2048
2079
2109
2141
2170
2198
2224
2245
2263
2275
2281
2282
2276
2265
2246
2223
2193
2159
2121
2080
2036
1992
1948
1906
1866
1829
1797
1772
1752
1741
1736
1740
1751
1771
1799
1832
1873
1919
1968
2021
2076
2130
2184
2235
2281
2322
2357
2385
2404
2414
2415
2406
2389
2362
2327
2285
2236
2182
2124
2063
2002
1942
1883
1828
1780
1737
1702
1676
1659
1651
1655
1668
1691
1723
1763
1811
1865
1923
1985
2048
2111
2173
2231
2285
2333
2373
2405
2428
2441
2445
2437
2420
2394
2359
2316
2268
2213
2154
2094
2033
1972
1914
1860
1811
1769
1734
1707
1690
1681
1682
1692
1711
1739
1774
1815
1861
1912
1966
2020
2075
2128
2177
2223
2264
2297
2325
2345
2356
2360
2355
2344
2324
2299
2267
2230
2190
2148
2104
2060
2016
1975
1937
1903
1873
1850
1831
1820
1814
1815
1821
1833
1851
1872
1898
1926
1955
1987
2017
2048
2076
2103
2127
2147
2163
2176
2184
2188
2188
2184
2177
2167
2155
2139
2123
2107
2090
2074
2059
2045
2033
2023
2015
2009
2006
2005
2006
2009
2014
2019
2025
2031
2037
2043
2047
2051
2052
2052
2050
2046
2040
2034
2026
2017
2007
1998
1989
1980
1973
1968
1965
1965
1967
1972
1980
1993
2006
2023
2043
2063
2085
2109
2132
2153
2173
2191
2207
2219
2227
2230
2228
2222
2210
2194
2172
2146
2117
2084
2048
2013
1976
1939
1904
1871
1842
1818
1799
1785
1779
1779
1786
1800
1822
1849
1883
1921
1964
2010
2058
2108
2157
2204
2247
2288
2322
2349
2370
2383
2387
2382
2370
2348
2318
2281
2237
2188
2134
2079
2021
1963
1907
1854
1804
1761
1725
1696
1677
1666
1666
1675
1693
1722
1758
1802
1853
1909
1968
2030
2093
2155
2214
2270
2320
2363
2398
2424
2441
2448
2444
2431
2408
2376
2335
2287
2233
2175
2114
2050
1987
1926
1868
1815
1769
1730
1698
1676
1664
1661
1668
1684
1711
1745
1786
1834
1886
1943
2002
2060
2118
2174
2226
2272
2312
2345
2371
2386
2395
2393
2383
2365
2339
2306
2267
2223
2175
2126
2076
2025
1977
1931
1889
1852
1821
1797
1780
1769
1767
1771
1783
1800
1825
1853
1885
1922
1959
1998
2037
2075
2110
2143
2171
2196
2216
2231
2239
2244
2242
2236
2224
2210
2191
2170
2147
2122
2098
2072
2049
2027
2007
1990
1976
1964
1956
1951
1950
1951
1956
1963
1971
1981
1992
2003
2014
2025
2035
2042
2050
2054
2057
2059
2058
2055
2052
2047
2042
2037
2031
2026
2022
2019
2018
2018
2021
2026
2033
2043
2053
2066
2080
2093
2108
2123
2137
2149
2160
2168
2172
2174
2172
2167
2157
2143
2126
2106
2082
2057
2029
2000
1971
1943
1916
1890
1869
1850
1837
1830
1827
1829
1839
1854
1874
1900
1931
1966
2005
2046
2088
2130
2172
2212
2248
2280
2308
2328
2342
2350
2349
2340
2323
2300
2270
2232
2189
2141
2091
2038
1985
1932
1881
1834
1792
1755
1725
1704
1691
1687
1692
1706
1730
1761
1801
1847
1898
1954
2014
2074
2134
2193
2249
2299
2344
2381
2410
2430
2441
2441
2431
2412
2383
2346
2300
2249
2192
2132
2069
2005
1942
1883
1828
1777
1734
1699
1673
1656
1650
1654
1667
1691
1722
1763
1810
1863
1921
1981
2044
2105
2164
2221
2272
2318
2356
2386
2407
2419
2421
2414
2398
2372
2339
2300
2253
2204
2150
2094
2038
1984
1931
1883
1840
1802
1771
1749
1734
1727
1729
1738
1755
1780
1811
1847
1887
1930
1975
2021
2067
2111
2152
2189
2221
2248
2269
2285
2293
2295
2290
2280
2263
2241
2217
2188
2157
2125
2091
2059
2027
1998
1971
1947
1928
1912
1902
1896
1894
1896
1902
1911
1924
1940
1956
1975
1993
2012
2030
2047
2062
2074
2086
2094
2099
2103
2104
2102
2099
2094
2088
2081
2075
2067
2061
2056
2052
2049
2048
2048
2051
2054
2060
2067
2074
2082
2090
2099
2105
2112
2116
2117
2117
2114
2108
2100
2089
2075
2058
2040
2021
2000
1979
1959
1940
1922
1907
1895
1885
1881
1880
1884
1893
1907
1926
1948
1974
2004
2037
2071
2106
2141
2174
2206
2235
2260
2281
2296
2304
2306
2302
2291
2273
2249
2218
2182
2142
2099
2053
2005
1957
1912
1868
1827
1792
1763
1740
1725
1718
1720
1729
1748
1774
1808
1848
1894
1946
2000
2057
2113
2169
2223
2273
2317
2356
2387
2409
2423
2427
2421
2406
2381
2348
2306
2259
2205
2147
2086
2023
1962
1901
1844
1793
1747
1710
1680
1660
1650
1650
1660
1680
1709
1747
1793
1845
1901
1963
2025
2088
2151
2210
2265
2314
2357
2391
2417
2433
2439
2435
2422
2398
2367
2327
2281
2229
2173
2115
2054
1996
1938
1884
1834
1791
1755
1727
1707
1696
1694
1701
1717
1741
1772
1810
1854
1901
1951
2003
2055
2106
2154
2199
2238
2273
2301
2321
2335
2340
2338
2328
2312
2290
2262
2229
2193
2154
2114
2073
2032
1994
1959
1927
1899
1876
1859
1847
1840
1839
1844
1854
1868
1887
1909
1932
1959
1985
2012
2038
2063
2086
2107
2124
2139
2149
2156
2160
2160
2157
2150
2142
2131
2120
2108
2095
2082
2070
2059
2049
2041
2036
2031
2029
2029
2031
2033
2037
2043
2048
2053
2059
2063
2065
2067
2067
2065
2060
2055
2047
2037
2026
2014
2001
1988
1976
1965
1954
1946
1939
1936
1936
1940
1947
1957
1972
1989
2010
2033
2058
2084
2111
2137
2164
2187
2209
2228
2242
2252
2257
2256
2249
2237
2220
2197
2169
2137
2102
2064
2023
1982
1942
1903
1867
1834
1806
1784
1768
1758
1756
1761
1775
1795
1823
1858
1897
1942
1990
2041
2093
2145
2195
2242
2286
2324
2355
2379
2395
2402
2400
2389
2369
2341
2305
2262
2212
2158
2100
2042
1981
1923
1867
1815
1769
1729
1698
1674
1661
1657
1663
1679
1705
1739
1782
1831
1886
1945
2008
2071
2133
2195
2251
2303
2349
2387
2416
2436
2446
2446
2436
2416
2386
2349
2303
2252
2195
2134
2073
2010
1949
1891
1837
1790
1748
1715
1690
1675
1669
1673
1687
1709
1740
1779
1823
1873
1927
1983
2039
2096
2150
2202
2248
2288
2322
2348
2367
2376
2378
2371
2356
2333
2304
2269
2228
2184
2139
2091
2043
1997
1954
1914
1878
1847
1823
1805
1794
1790
1792
1800
1815
1836
1861
1890
1922
1955
1990
2025
2059
2092
2122
2148
2170
2189
2203
2212
2216
2215
2211
2201
2189
2174
2156
2137
2117
2096
2075
2056
2038
2021
2007
1996
1988
1982
1979
1979
1980
1984
1991
1997
2006
2014
2022
2029
2036
2042
2045
2048
2048
2047
2044
2040
2035
2029
2021
2015
2008
2002
1997
1994
1992
1993
1997
2002
2010
2022
2034
2049
2066
2084
2103
2121
2140
2156
2172
2185
2194
2200
2202
2200
2194
2184
2168
2149
2125
2098
2069
2037
2005
1971
1939
1908
1879
1855
1833
1816
1806
1801
1803
1811
1827
1848
1875
1907
1944
1985
2029
2075
2121
2166
2209
2249
2285
2316
2341
2358
2367
2369
2362
2347
2325
2294
2256
2213
2165
2112
2058
2002
1946
1892
1843
1796
1757
1724
1698
1682
1675
1677
1689
1710
1740
1778
1824
1875
1932
1991
2052
2115
2175
2233
2286
2333
2374
2405
2429
2442
2446
2440
2423
2397
2362
2319
2268
2213
2154
2091
2027
1964
1904
1847
1796
1750
1713
1684
1665
1655
1655
1666
1686
1715
1752
1797
1847
1903
1962
2022
2082
2142
2198
2249
2295
2335
2366
2390
2404
2409
2405
2392
2371
2341
2304
2262
2215
2164
2111
2058
2005
1955
1907
1864
1826
1796
1773
1756
1747
1746
1754
1768
1788
1816
1848
1884
1924
1966
2008
2050
2091
2130
2165
2196
2222
2242
2257
2267
2269
2266
2259
2246
2227
2206
2180
2153
2125
2096
2067
2039
2014
1990
1970
1953
1939
1929
1924
1922
1924
1928
1936
1947
1959
1973
1988
2003
2016
2030
2043
2053
2063
2070
2075
2078
2078
2077
2074
2070
2065
2059
2054
2049
2044
2041
2038
2037
2039
2042
2046
2054
2061
2071
2082
2093
2104
2115
2125
2133
2140
2145
2146
2145
2140
2132
2120
2106
2089
2069
2047
2024
1998
1974
1949
1926
1905
1886
1872
1860
1854
1852
1857
1865
1880
1900
1925
1953
1986
2021
2059
2098
2137
2174
2211
2243
2271
2296
2313
2325
2329
2327
2316
2299
2275
2244
2207
2165
2119
2071
2020
1970
1921
1873
1829
1790
1757
1731
1713
1703
1701
1710
1725
1751
1784
1824
1870
1922
1978
2036
2094
2153
2210
2262
2310
2351
2385
2412
2428
2435
2432
2420
2398
2366
2327
2281
2228
2170
2109
2046
1982
1921
1863
1809
1761
1720
1688
1665
1652
1648
1655
1672
1698
1733
1776
1826
1882
1941
2003
2066
2128
2187
2243
2294
2338
2374
2403
2421
2430
2430
2419
2400
2371
2335
2292
2242
2189
2133
2075
2017
1962
1908
1859
1815
1778
1748
1726
1714
1709
1713
1726
1747
1774
1808
1849
1892
1939
1988
2038
2086
2132
2175
2213
2247
2274
2296
2310
2317
2317
2311
2297
2278
2254
2225
2192
2157
2120
2083
2048
2012
1979
1950
1924
1902
1886
1874
1868
1866
1869
1877
1889
1905
1923
1943
1964
1987
2011
2033
2053
2073
2090
2103
2116
2124
2129
2131
2131
2128
2123
2116
2107
2098
2089
2079
2070
2062
2056
2050
2046
2044
2044
2045
2049
2053
2059
2065
2071
2077
2082
2087
2090
2091
2090
2087
2081
2073
2063
2051
2037
2022
2006
1989
1973
1957
1941
1929
1919
1912
1908
1908
1912
1920
1933
1949
1969
1993
2020
2048
2079
2109
2141
2170
2198
2224
2245
2263
2275
2281
2282
2276
2265
2246
2223
2193
2159
2121
2080
2036
1992
1948
1906
1866
1829
1797
1772
1752
1741
1736
1740
1751
1771
1799
1832
1873
1919
1968
2021
2076
2130
2184
2235
2281
2322
2357
2385
2404
2414
2415
2406
2389
2362
2327
2285
2236
2182
2124
2063
2002
1942
1883
1828
1780
1737
1702
1676
1659
1651
1655
1668
1691
1723
1763
1811
1865
1923
1985
2048
2111
2173
2231
2285
2333
2373
2405
2428
2441
2445
2437
2420
2394
2359
2316
2268
2213
2154
2094
2033
1972
1914
1860
1811
1769
1734
1707
1690
1681
1682
1692
1711
1739
1774
1815
1861
1912
1966
2020
2075
2128
2177
2223
2264
2297
2325
2345
2356
2360
2355
2344
2324
2299
2267
2230
2190
2148
2104
2060
2016
1975
1937
1903
1873
1850
1831
1820
1814
1815
1821
1833
1851
1872
1898
1926
1955
1987
2017
2048
2076
2103
2127
2147
2163
2176
2184
2188
2188
2184
2177
2167
2155
2139
2123
2107
2090
2074
2059
2045
2033
2023
2015
2009
2006
2005
2006
2009
2014
2019
2025
2031
2037
2043
2047
2051
2052
2052
2050
2046
2040
2034
2026
2017
2007
1998
1989
1980
1973
1968
1965
1965
1967
1972
1980
1993
2006
2023
2043
2063
2085
2109
2132
2153
2173
2191
2207
2219
2227
2230
2228
2222
2210
2194
2172
2146
2117
2084
2048
2013
1976
1939
1904
1871
1842
1818
1799
1785
1779
1779
1786
1800
1822
1849
1883
1921
1964
2010
2058
2108
2157
2204
2247
2288
2322
2349
2370
2383
2387
2382
2370
2348
2318
2281
2237
2188
2134
2079
2021
1963
1907
1854
1804
1761
1725
1696
1677
1666
1666
1675
1693
1722
1758
1802
1853
1909
1968
2030
2093
2155
2214
2270
2320
2363
2398
2424
2441
2448
2444
2431
2408
2376
2335
2287
2233
2175
2114
2050
1987
1926
1868
1815
1769
1730
1698
1676
1664
1661
1668
1684
1711
1745
1786
1834
1886
1943
2002
2060
2118
2174
2226
2272
2312
2345
2371
2386
2395
2393
2383
2365
2339
2306
2267
2223
2175
2126
2076
2025
1977
1931
1889
1852
1821
1797
1780
1769
1767
1771
1783
1800
1825
1853
1885
1922
1959
1998
2037
2075
2110
2143
2171
2196
2216
2231
2239
2244
2242
2236
2224
2210
2191
2170
2147
2122
2098
2072
2049
2027
2007
1990
1976
1964
1956
1951
1950
1951
1956
1963
1971
1981
1992
2003
2014
2025
2035
2042
2050
2054
2057
2059
2058
2055
2052
2047
2042
2037
2031
2026
2022
2019
2018
2018
2021
2026
2033
2043
2053
2066
2080
2093
2108
2123
2137
2149
2160
2168
2172
2174
2172
2167
2157
2143
2126
2106
2082
2057
2029
2000
1971
1943
1916
1890
1869
1850
1837
1830
1827
1829
1839
1854
1874
1900
1931
1966
2005
2046
2088
2130
2172
2212
2248
2280
2308
2328
2342
2350
2349
2340
2323
2300
2270
2232
2189
2141
2091
2038
1985
1932
1881
1834
1792
1755
1725
1704
1691
1687
1692
1706
1730
1761
1801
1847
1898
1954
2014
2074
2134
2193
2249
2299
2344
2381
2410
2430
2441
2441
2431
2412
2383
2346
2300
2249
2192
2132
2069
2005
1942
1883
1828
1777
1734
1699
1673
1656
1650
1654
1667
1691
1722
1763
1810
1863
1921
1981
2044
2105
2164
2221
2272
2318
2356
2386
2407
2419
2421
2414
2398
2372
2339
2300
2253
2204
2150
2094
2038
1984
1931
1883
1840
1802
1771
1749
1734
1727
1729
1738
1755
1780
1811
1847
1887
1930
1975
2021
2067
2111
2152
2189
2221
2248
2269
2285
2293
2295
2290
2280
2263
2241
2217
2188
2157
2125
2091
2059
2027
1998
1971
1947
1928
1912
1902
1896
1894
1896
1902
1911
1924
1940
1956
1975
1993
2012
2030
2047
2062
2074
2086
2094
2099
2103
2104
2102
2099
2094
2088
2081
2075
2067
2061
2056
2052
2049
2048
2048
2051
2054
2060
2067
2074
2082
2090
2099
2105
2112
2116
2117
2117
2114
2108
2100
2089
2075
2058
2040
2021
2000
1979
1959
1940
1922
1907
1895
1885
1881
1880
1884
1893
1907
1926
1948
1974
2004
2037
2071
2106
2141
2174
2206
2235
2260
2281
2296
2304
2306
2302
2291
2273
2249
2218
2182
2142
2099
2053
2005
1957
1912
1868
1827
1792
1763
1740
1725
1718
1720
1729
1748
1774
1808
1848
1894
1946
2000
2057
2113
2169
2223
2273
2317
2356
2387
2409
2423
2427
2421
2406
2381
2348
2306
2259
2205
2147
2086
2023
1962
1901
1844
1793
1747
1710
1680
1660
1650
1650
1660
1680
1709
1747
1793
1845
1901
1963
2025
2088
2151
2210
2265
2314
2357
2391
2417
2433
2439
2435
2422
2398
2367
2327
2281
2229
2173
2115
2054
1996
1938
1884
1834
1791
1755
1727
1707
1696
1694
1701
1717
1741
1772
1810
1854
1901
1951
2003
2055
2106
2154
2199
2238
2273
2301
2321
2335
2340
2338
2328
2312
2290
2262
2229
2193
2154
2114
2073
2032
1994
1959
1927
1899
1876
1859
1847
1840
1839
1844
1854
1868
1887
1909
1932
1959
1985
2012
2038
2063
2086
2107
2124
2139
2149
2156
2160
2160
2157
2150
2142
2131
2120
2108
2095
2082
2070
2059
2049
2041
2036
2031
2029
2029
2031
2033
2037
2043
2048
2053
2059
2063
2065
2067
2067
2065
2060
2055
2047
2037
2026
2014
2001
1988
1976
1965
1954
1946
1939
1936
1936
1940
1947
1957
1972
1989
2010
2033
2058
2084
2111
2137
2164
2187
2209
2228
2242
2252
2257
2256
2249
2237
2220
2197
2169
2137
2102
2064
2023
1982
1942
1903
1867
1834
1806
1784
1768
1758
1756
1761
1775
1795
1823
1858
1897
1942
1990
2041
2093
2145
2195
2242
2286
2324
2355
2379
2395
2402
2400
2389
2369
2341
2305
2262
2212
2158
2100
2042
1981
1923
1867
1815
1769
1729
1698
1674
1661
1657
1663
1679
1705
1739
1782
1831
1886
1945
2008
2071
2133
2195
2251
2303
2349
2387
2416
2436
2446
2446
2436
2416
2386
2349
2303
2252
2195
2134
2073
2010
1949
1891
1837
1790
1748
1715
1690
1675
1669
1673
1687
1709
1740
1779
1823
1873
1927
1983
2039
2096
2150
2202
2248
2288
2322
2348
2367
2376
2378
2371
2356
2333
2304
2269
2228
2184
2139
2091
2043
1997
1954
1914
1878
1847
1823
1805
1794
1790
1792
1800
1815
1836
1861
1890
1922
1955
1990
2025
2059
2092
2122
2148
2170
2189
2203
2212
2216
2215
2211
2201
2189
2174
2156
2137
2117
2096
2075
2056
2038
2021
2007
1996
1988
1982
1979
1979
1980
1984
1991
1997
2006
2014
2022
2029
2036
2042
2045
2048
2048
2047
2044
2040
2035
2029
2021
2015
2008
2002
1997
1994
1992
1993
1997
2002
2010
2022
2034
2049
2066
2084
2103
2121
2140
2156
2172
2185
2194
2200
2202
2200
2194
2184
2168
2149
2125
2098
2069
2037
2005
1971
1939
1908
1879
1855
1833
1816
1806
1801
1803
1811
1827
1848
1875
1907
1944
1985
2029
2075
2121
2166
2209
2249
2285
2316
2341
2358
2367
2369
2362
2347
2325
2294
2256
2213
2165
2112
2058
2002
1946
1892
1843
1796
1757
1724
1698
1682
1675
1677
1689
1710
1740
1778
1824
1875
1932
1991
2052
2115
2175
2233
2286
2333
2374
2405
2429
2442
2446
2440
2423
2397
2362
2319
2268
2213
2154
2091
2027
1964
1904
1847
1796
1750
1713
1684
1665
1655
1655
1666
1686
1715
1752
1797
1847
1903
1962
2022
2082
2142
2198
2249
2295
2335
2366
2390
2404
2409
2405
2392
2371
2341
2304
2262
2215
2164
2111
2058
2005
1955
1907
1864
1826
1796
1773
1756
1747
1746
1754
1768
1788
1816
1848
1884
1924
1966
2008
2050
2091
2130
2165
2196
2222
2242
2257
2267
2269
2266
2259
2246
2227
2206
2180
2153
2125
2096
2067
2039
2014
1990
1970
1953
1939
1929
1924
1922
1924
1928
1936
1947
1959
1973
1988
2003
2016
2030
2043
2053
2063
2070
2075
2078
2078
2077
2074
2070
2065
2059
2054
2049
2044
2041
2038
2037
2039
2042
2046
2054
2061
2071
2082
2093
2104
2115
2125
2133
2140
2145
2146
2145
2140
2132
2120
2106
2089
2069
2047
2024
1998
1974
1949
1926
1905
1886
1872
1860
1854
1852
1857
1865
1880
1900
1925
1953
1986
2021
2059
2098
2137
2174
2211
2243
2271
2296
2313
2325
2329
2327
2316
2299
2275
2244
2207
2165
2119
2071
2020
1970
1921
1873
1829
1790
1757
1731
1713
1703
1701
1710
1725
1751
1784
1824
1870
1922
1978
2036
2094
2153
2210
2262
2310
2351
2385
2412
2428
2435
2432
2420
2398
2366
2327
2281
2228
2170
2109
2046
1982
1921
1863
1809
1761
1720
1688
1665
1652
1648
1655
1672
1698
1733
1776
1826
1882
1941
2003
2066
2128
2187
2243
2294
2338
2374
2403
2421
2430
2430
2419
2400
2371
2335
2292
2242
2189
2133
2075
2017
1962
1908
1859
1815
1778
1748
1726
1714
1709
1713
1726
1747
1774
1808
1849
1892
1939
1988
2038
2086
2132
2175
2213
2247
2274
2296
2310
2317
2317
2311
2297
2278
2254
2225
2192
2157
2120
2083
2048
2012
1979
1950
1924
1902
1886
1874
1868
1866
1869
1877
1889
1905
1923
1943
1964
1987
2011
2033
2053
2073
2090
2103
2116
2124
2129
2131
2131
2128
2123
2116
2107
2098
2089
2079
2070
2062
2056
2050
2046
2044
2044
2045
2049
2053
2059
2065
2071
2077
2082
2087
2090
2091
2090
2087
2081
2073
2063
2051
2037
2022
2006
1989
1973
1957
1941
1929
1919
1912
1908
1908
1912
1920
1933
1949
1969
1993
2020
2048
2079
2109
2141
2170
2198
2224
2245
2263
2275
2281
2282
2276
2265
2246
2223
2193
2159
2121
2080
2036
1992
1948
1906
1866
1829
1797
1772
1752
1741
1736
1740
1751
1771
1799
1832
1873
1919
1968
2021
2076
2130
2184
2235
2281
2322
2357
2385
2404
2414
2415
2406
2389
2362
2327
2285
2236
2182
2124
2063
2002
1942
1883
1828
1780
1737
1702
1676
1659
1651
1655
1668
1691
1723
1763
1811
1865
1923
1985
2048
